# 1. ServiceID,serviceTime,serviceDeadline
0,0.1,0.194954528353
1,0.1,0.135070010035
2,0.1,0.152592096494
3,0.1,0.140397527129
4,0.1,0.174005844735
5,0.1,0.164562422698
6,0.1,0.194696504499
7,0.1,0.134060760963
8,0.1,0.221934257125
9,0.1,0.212259914053
# 2. NodeID,numCores
0,20
1,20
2,20
3,20
4,20
5,20
6,20
7,20
8,20
9,20
10,20
11,20
12,20
13,20
14,20
src_0,inf
# 3. Set of APs:
rec_0,rec_1,rec_2,rec_3,rec_4,rec_5,rec_6,rec_7
# 4. Ap,Node,service1,service2, ....]
rec_0,0
rec_0,1,0,6,8,9
rec_0,3,0,2,4,5,6,8,9
rec_0,7,0,1,2,3,4,5,6,7,8,9
rec_1,8,0,1,2,3,4,5,6,7,8,9
rec_1,1,0,6,8,9
rec_1,3,0,2,4,5,6,8,9
rec_1,0
rec_2,0
rec_2,9,0,1,2,3,4,5,6,7,8,9
rec_2,4,0,2,4,5,6,8,9
rec_2,1,0,6,8,9
rec_3,0
rec_3,1,0,6,8,9
rec_3,10,0,1,2,3,4,5,6,7,8,9
rec_3,4,0,2,4,5,6,8,9
rec_4,0
rec_4,2,0,6,8,9
rec_4,11,0,1,2,3,4,5,6,7,8,9
rec_4,5,0,2,4,5,6,8,9
rec_5,0
rec_5,2,0,6,8,9
rec_5,12,0,1,2,3,4,5,6,7,8,9
rec_5,5,0,2,4,5,6,8,9
rec_6,0
rec_6,2,0,6,8,9
rec_6,13,0,1,2,3,4,5,6,7,8,9
rec_6,6,0,2,4,5,6,8,9
rec_7,0
rec_7,2,0,6,8,9
rec_7,6,0,2,4,5,6,8,9
rec_7,14,0,1,2,3,4,5,6,7,8,9
# 5. AP, rate_service1, rate_service2, ... rate_serviceN
rec_0,0.01250.01250.01250.01250.01250.01250.01250.01250.01250.0125
rec_1,0.01250.01250.01250.01250.01250.01250.01250.01250.01250.0125
rec_2,0.01250.01250.01250.01250.01250.01250.01250.01250.01250.0125
rec_3,0.01250.01250.01250.01250.01250.01250.01250.01250.01250.0125
rec_4,0.01250.01250.01250.01250.01250.01250.01250.01250.01250.0125
rec_5,0.01250.01250.01250.01250.01250.01250.01250.01250.01250.0125
rec_6,0.01250.01250.01250.01250.01250.01250.01250.01250.01250.0125
rec_7,0.01250.01250.01250.01250.01250.01250.01250.01250.01250.0125
